000002BDD85B0B20 000002BDD85B0D20 000002BDD85B1B70 0000000000000000 1 0 0 0  0 0 0 0 0 0 0 0
0000000000000000 0000000000000000 0000000000000000 0000000000000000 1 1 0 1 p  0 0 0 0 0 0 0 0
000002BDD85B0C20 0000000000000000 0000000000000000 000002BDD85B0F20 2 2 0 0  0 0 0 0 0 0 0 0
0000000000000000 0000000000000000 0000000000000000 0000000000000000 2 6 2 1 t1  0 0 0 0 0 0 0 0
000002BDD85B0E20 0000000000000000 0000000000000000 000002BDD85B1020 3 3 0 0  0 0 0 0 0 0 0 0
0000000000000000 0000000000000000 0000000000000000 0000000000000000 3 6 2 2 v1 v2  0 0 0 0 0 0 0 0
000002BDD85B1120 000002BDD85B1320 000002BDD85B1420 0000000000000000 4 4 0 1 q  0 0 0 0 0 0 0 0
0000000000000000 0000000000000000 0000000000000000 0000000000000000 4 6 2 1 i  0 0 0 0 0 0 0 0
000002BDD85B1220 0000000000000000 0000000000000000 0000000000000000 5 3 0 0  0 0 0 0 0 0 0 0
0000000000000000 0000000000000000 0000000000000000 0000000000000000 5 6 2 1 a  0 0 0 0 0 0 0 0
000002BDD85B1520 0000000000000000 0000000000000000 0000000000000000 6 5 0 0  0 0 0 0 0 0 0 0
000002BDD85B1620 000002BDD85B1720 0000000000000000 000002BDD85B1820 7 7 2 0  0 0 0 0 0 0 0 0
0000000000000000 0000000000000000 0000000000000000 0000000000000000 7 8 2 1 a  0 0 0 0 0 0 0 0
0000000000000000 0000000000000000 0000000000000000 0000000000000000 7 8 2 1 i  0 0 0 0 0 0 0 0
000002BDD85B3470 0000000000000000 0000000000000000 0000000000000000 8 7 4 0  0 0 0 0 0 0 0 0
0000000000000000 0000000000000000 0000000000000000 0000000000000000 8 8 2 1 a  0 0 0 0 0 0 0 0
000002BDD85B1C70 0000000000000000 0000000000000000 0000000000000000 10 5 0 0  0 0 0 0 0 0 0 0
0000000000000000 0000000000000000 0000000000000000 000002BDD85B3370 11 7 3 1 v1  0 0 0 0 0 0 0 0
000002BDD85B3070 000002BDD85B2C70 000002BDD85B2D70 000002BDD85B3670 12 7 0 0  0 0 0 0 0 0 0 0
000002BDD85B2570 000002BDD85B1970 0000000000000000 0000000000000000 12 8 0 0  0 0 0 10 0 0 0 0
0000000000000000 0000000000000000 0000000000000000 0000000000000000 12 8 2 1 v1  0 0 0 0 0 0 0 0
0000000000000000 0000000000000000 0000000000000000 0000000000000000 12 8 1 0  0 0 0 0 0 10 0 0
000002BDD85B2970 000002BDD85B2470 0000000000000000 0000000000000000 12 7 2 0  0 0 0 0 0 0 0 0
0000000000000000 0000000000000000 0000000000000000 0000000000000000 12 8 2 1 v1  0 0 0 0 0 0 0 0
000002BDD85B1A70 000002BDD85B1D70 0000000000000000 0000000000000000 12 8 0 0  0 0 0 5 0 0 0 0
0000000000000000 0000000000000000 0000000000000000 0000000000000000 12 8 2 1 v1  0 0 0 0 0 0 0 0
0000000000000000 0000000000000000 0000000000000000 0000000000000000 12 8 1 0  0 0 0 0 0 10 0 0
000002BDD85B2670 000002BDD85B1E70 0000000000000000 0000000000000000 12 7 2 0  0 0 0 0 0 0 0 0
0000000000000000 0000000000000000 0000000000000000 0000000000000000 12 8 2 1 v1  0 0 0 0 0 0 0 0
000002BDD85B2170 000002BDD85B2770 0000000000000000 0000000000000000 12 8 0 0  0 0 0 6 0 0 0 0
0000000000000000 0000000000000000 0000000000000000 0000000000000000 12 8 2 1 v1  0 0 0 0 0 0 0 0
0000000000000000 0000000000000000 0000000000000000 0000000000000000 12 8 1 0  0 0 0 0 0 10 0 0
000002BDD85B3570 000002BDD85B2070 0000000000000000 0000000000000000 13 7 5 0  0 0 0 0 0 0 0 0
0000000000000000 0000000000000000 0000000000000000 0000000000000000 13 8 2 1 q  0 0 0 0 0 0 0 0
0000000000000000 0000000000000000 0000000000000000 0000000000000000 13 8 2 1 v1  0 0 0 0 0 0 0 0
